lru | FlashNeuron | deepUM | prefetch_lru

BERT|B = 256|M = 370.10%
0.0 2657376.0 0.0 565248.0
0.0 2657376.0 0.0 565248.0
45385726.0 0.0 13094159.0 1769472.0
45385726.0 0.0 13094159.0 1769472.0

ViT|B = 1280|M = 461.11%
6142981.0 inf 0.0 1275114.0
6142981.0 inf 0.0 1275114.0
52147993.0 inf 16704165.0 5763114.0
52147993.0 inf 16531491.0 5763114.0

Inceptionv3|B = 1536|M = 1969.46%
16868024.0 inf 0.0 7038712.0
179317540.0 inf 0.0 7038712.0
16568024.0 inf 74599733.0 20206786.0
50122456.0 inf 74599733.0 20206786.0

ResNet152|B = 1280|M = 2715.45%
53413406.0 65040772.0 35845670.0 28533808.0
294049213.0 65040772.0 35845670.0 28533808.0
19255672.0 0.0 38077759.0 35827967.0
52810104.0 0.0 38077759.0 35827967.0

SENet154|B = 1024|M = 4277.81%
75357583.0 85933120.0 55208777.0 48848663.0
479537590.0 85933120.0 55208777.0 48848663.0
17413090.0 0.0 47643868.0 35958986.0
50967522.0 0.0 47643868.0 35958986.0

