8
Dot
2
7
2
4
99
19200
108
64
2
64
64
-------------------
9
Relu
1
8
4
99
19200
108
64
-------------------
10
Dot
2
9
3
4
99
19200
108
64
2
64
64
-------------------
11
Relu
1
10
4
99
19200
108
64
-------------------
12
Dot
2
11
0
4
99
19200
108
64
2
64
64
-------------------
13
Relu
1
12
4
99
19200
108
64
-------------------
14
Dot
2
13
4
4
99
19200
108
64
2
64
64
-------------------
15
Relu
1
14
4
99
19200
108
64
-------------------
16
Dot
2
15
1
4
99
19200
108
64
2
64
64
-------------------
17
Relu
1
16
4
99
19200
108
64
-------------------
18
Dot
2
17
6
4
99
19200
108
64
2
64
64
-------------------
19
Relu
1
18
4
99
19200
108
64
-------------------
20
Dot
2
19
5
4
99
19200
108
64
2
64
3
-------------------
