185
Convolution
2
184
2
4
99
3
224
224
4
384
3
32
32
-------------------
187
Add
2
185
3
4
99
384
7
7
4
99
384
7
7
-------------------
193
Add
2
144
187
3
99
50
384
3
99
50
384
-------------------
194
Sum
1
193
3
99
50
384
-------------------
197
Divide
2
194
195
2
99
50
2
99
50
-------------------
201
Subtract
2
193
197
3
99
50
384
3
99
50
384
-------------------
203
Power
2
201
158
3
99
50
384
3
99
50
384
-------------------
204
Sum
1
203
3
99
50
384
-------------------
207
Divide
2
204
205
2
99
50
2
99
50
-------------------
211
Add
2
156
207
3
99
50
1
3
99
50
1
-------------------
212
Sqrt
1
211
3
99
50
1
-------------------
215
Divide
2
201
212
3
99
50
384
3
99
50
384
-------------------
217
Multiply
2
215
4
3
99
50
384
3
99
50
384
-------------------
219
Add
2
217
5
3
99
50
384
3
99
50
384
-------------------
220
Dot
2
219
140
3
99
50
384
2
384
1152
-------------------
222
Add
2
220
7
3
99
50
1152
3
99
50
1152
-------------------
235
BatchMatMul
2
222
222
4
99
6
50
64
4
99
6
64
50
-------------------
238
Multiply
2
235
153
4
99
6
50
50
4
99
6
50
50
-------------------
1437
SoftmaxBasic
1
238
4
99
6
50
50
-------------------
1438
SoftmaxBasic
2
238
1437
4
99
6
50
50
3
99
6
50
-------------------
1439
SoftmaxBasic
1
1438
4
99
6
50
50
-------------------
1440
SoftmaxBasic
2
1438
1439
4
99
6
50
50
3
99
6
50
-------------------
246
BatchMatMul
2
1440
222
4
99
6
50
50
4
99
6
50
64
-------------------
250
Dot
2
164
246
3
99
50
384
2
384
384
-------------------
252
Add
2
250
9
3
99
50
384
3
99
50
384
-------------------
253
Add
2
193
252
3
99
50
384
3
99
50
384
-------------------
254
Sum
1
253
3
99
50
384
-------------------
257
Divide
2
254
255
2
99
50
2
99
50
-------------------
261
Subtract
2
253
257
3
99
50
384
3
99
50
384
-------------------
263
Power
2
261
158
3
99
50
384
3
99
50
384
-------------------
264
Sum
1
263
3
99
50
384
-------------------
267
Divide
2
264
265
2
99
50
2
99
50
-------------------
271
Add
2
156
267
3
99
50
1
3
99
50
1
-------------------
272
Sqrt
1
271
3
99
50
1
-------------------
275
Divide
2
261
272
3
99
50
384
3
99
50
384
-------------------
277
Multiply
2
275
10
3
99
50
384
3
99
50
384
-------------------
279
Add
2
277
11
3
99
50
384
3
99
50
384
-------------------
280
Dot
2
279
110
3
99
50
384
2
384
1536
-------------------
282
Add
2
280
13
3
99
50
1536
3
99
50
1536
-------------------
284
Divide
2
282
155
3
99
50
1536
3
99
50
1536
-------------------
285
Erf
1
284
3
99
50
1536
-------------------
287
Add
2
285
157
3
99
50
1536
3
99
50
1536
-------------------
288
Multiply
2
282
287
3
99
50
1536
3
99
50
1536
-------------------
290
Multiply
2
288
159
3
99
50
1536
3
99
50
1536
-------------------
291
Dot
2
290
14
3
99
50
1536
2
1536
384
-------------------
293
Add
2
291
15
3
99
50
384
3
99
50
384
-------------------
294
Add
2
253
293
3
99
50
384
3
99
50
384
-------------------
295
Sum
1
294
3
99
50
384
-------------------
298
Divide
2
295
296
2
99
50
2
99
50
-------------------
302
Subtract
2
294
298
3
99
50
384
3
99
50
384
-------------------
304
Power
2
302
158
3
99
50
384
3
99
50
384
-------------------
305
Sum
1
304
3
99
50
384
-------------------
308
Divide
2
305
306
2
99
50
2
99
50
-------------------
312
Add
2
156
308
3
99
50
1
3
99
50
1
-------------------
313
Sqrt
1
312
3
99
50
1
-------------------
316
Divide
2
302
313
3
99
50
384
3
99
50
384
-------------------
318
Multiply
2
316
99
3
99
50
384
3
99
50
384
-------------------
320
Add
2
318
17
3
99
50
384
3
99
50
384
-------------------
321
Dot
2
320
66
3
99
50
384
2
384
1152
-------------------
323
Add
2
321
19
3
99
50
1152
3
99
50
1152
-------------------
336
BatchMatMul
2
323
323
4
99
6
50
64
4
99
6
64
50
-------------------
339
Multiply
2
336
153
4
99
6
50
50
4
99
6
50
50
-------------------
1441
SoftmaxBasic
1
339
4
99
6
50
50
-------------------
1442
SoftmaxBasic
2
339
1441
4
99
6
50
50
3
99
6
50
-------------------
1443
SoftmaxBasic
1
1442
4
99
6
50
50
-------------------
1444
SoftmaxBasic
2
1442
1443
4
99
6
50
50
3
99
6
50
-------------------
347
BatchMatMul
2
1444
323
4
99
6
50
50
4
99
6
50
64
-------------------
351
Dot
2
126
347
3
99
50
384
2
384
384
-------------------
353
Add
2
351
21
3
99
50
384
3
99
50
384
-------------------
354
Add
2
294
353
3
99
50
384
3
99
50
384
-------------------
355
Sum
1
354
3
99
50
384
-------------------
358
Divide
2
355
356
2
99
50
2
99
50
-------------------
362
Subtract
2
354
358
3
99
50
384
3
99
50
384
-------------------
364
Power
2
362
158
3
99
50
384
3
99
50
384
-------------------
365
Sum
1
364
3
99
50
384
-------------------
368
Divide
2
365
366
2
99
50
2
99
50
-------------------
372
Add
2
156
368
3
99
50
1
3
99
50
1
-------------------
373
Sqrt
1
372
3
99
50
1
-------------------
376
Divide
2
362
373
3
99
50
384
3
99
50
384
-------------------
378
Multiply
2
376
22
3
99
50
384
3
99
50
384
-------------------
380
Add
2
378
23
3
99
50
384
3
99
50
384
-------------------
381
Dot
2
380
62
3
99
50
384
2
384
1536
-------------------
383
Add
2
381
25
3
99
50
1536
3
99
50
1536
-------------------
385
Divide
2
383
155
3
99
50
1536
3
99
50
1536
-------------------
386
Erf
1
385
3
99
50
1536
-------------------
388
Add
2
386
157
3
99
50
1536
3
99
50
1536
-------------------
389
Multiply
2
383
388
3
99
50
1536
3
99
50
1536
-------------------
391
Multiply
2
389
159
3
99
50
1536
3
99
50
1536
-------------------
392
Dot
2
391
54
3
99
50
1536
2
1536
384
-------------------
394
Add
2
392
27
3
99
50
384
3
99
50
384
-------------------
395
Add
2
354
394
3
99
50
384
3
99
50
384
-------------------
396
Sum
1
395
3
99
50
384
-------------------
399
Divide
2
396
397
2
99
50
2
99
50
-------------------
403
Subtract
2
395
399
3
99
50
384
3
99
50
384
-------------------
405
Power
2
403
158
3
99
50
384
3
99
50
384
-------------------
406
Sum
1
405
3
99
50
384
-------------------
409
Divide
2
406
407
2
99
50
2
99
50
-------------------
413
Add
2
156
409
3
99
50
1
3
99
50
1
-------------------
414
Sqrt
1
413
3
99
50
1
-------------------
417
Divide
2
403
414
3
99
50
384
3
99
50
384
-------------------
419
Multiply
2
417
28
3
99
50
384
3
99
50
384
-------------------
421
Add
2
419
29
3
99
50
384
3
99
50
384
-------------------
422
Dot
2
421
165
3
99
50
384
2
384
1152
-------------------
424
Add
2
422
31
3
99
50
1152
3
99
50
1152
-------------------
437
BatchMatMul
2
424
424
4
99
6
50
64
4
99
6
64
50
-------------------
440
Multiply
2
437
153
4
99
6
50
50
4
99
6
50
50
-------------------
1445
SoftmaxBasic
1
440
4
99
6
50
50
-------------------
1446
SoftmaxBasic
2
440
1445
4
99
6
50
50
3
99
6
50
-------------------
1447
SoftmaxBasic
1
1446
4
99
6
50
50
-------------------
1448
SoftmaxBasic
2
1446
1447
4
99
6
50
50
3
99
6
50
-------------------
448
BatchMatMul
2
1448
424
4
99
6
50
50
4
99
6
50
64
-------------------
452
Dot
2
56
448
3
99
50
384
2
384
384
-------------------
454
Add
2
452
33
3
99
50
384
3
99
50
384
-------------------
455
Add
2
395
454
3
99
50
384
3
99
50
384
-------------------
456
Sum
1
455
3
99
50
384
-------------------
459
Divide
2
456
457
2
99
50
2
99
50
-------------------
463
Subtract
2
455
459
3
99
50
384
3
99
50
384
-------------------
465
Power
2
463
158
3
99
50
384
3
99
50
384
-------------------
466
Sum
1
465
3
99
50
384
-------------------
469
Divide
2
466
467
2
99
50
2
99
50
-------------------
473
Add
2
156
469
3
99
50
1
3
99
50
1
-------------------
474
Sqrt
1
473
3
99
50
1
-------------------
477
Divide
2
463
474
3
99
50
384
3
99
50
384
-------------------
479
Multiply
2
477
34
3
99
50
384
3
99
50
384
-------------------
481
Add
2
479
35
3
99
50
384
3
99
50
384
-------------------
482
Dot
2
481
116
3
99
50
384
2
384
1536
-------------------
484
Add
2
482
37
3
99
50
1536
3
99
50
1536
-------------------
486
Divide
2
484
155
3
99
50
1536
3
99
50
1536
-------------------
487
Erf
1
486
3
99
50
1536
-------------------
489
Add
2
487
157
3
99
50
1536
3
99
50
1536
-------------------
490
Multiply
2
484
489
3
99
50
1536
3
99
50
1536
-------------------
492
Multiply
2
490
159
3
99
50
1536
3
99
50
1536
-------------------
493
Dot
2
492
120
3
99
50
1536
2
1536
384
-------------------
495
Add
2
493
39
3
99
50
384
3
99
50
384
-------------------
496
Add
2
455
495
3
99
50
384
3
99
50
384
-------------------
497
Sum
1
496
3
99
50
384
-------------------
500
Divide
2
497
498
2
99
50
2
99
50
-------------------
504
Subtract
2
496
500
3
99
50
384
3
99
50
384
-------------------
506
Power
2
504
158
3
99
50
384
3
99
50
384
-------------------
507
Sum
1
506
3
99
50
384
-------------------
510
Divide
2
507
508
2
99
50
2
99
50
-------------------
514
Add
2
156
510
3
99
50
1
3
99
50
1
-------------------
515
Sqrt
1
514
3
99
50
1
-------------------
518
Divide
2
504
515
3
99
50
384
3
99
50
384
-------------------
520
Multiply
2
518
40
3
99
50
384
3
99
50
384
-------------------
522
Add
2
520
41
3
99
50
384
3
99
50
384
-------------------
523
Dot
2
522
161
3
99
50
384
2
384
1152
-------------------
525
Add
2
523
43
3
99
50
1152
3
99
50
1152
-------------------
538
BatchMatMul
2
525
525
4
99
6
50
64
4
99
6
64
50
-------------------
541
Multiply
2
538
153
4
99
6
50
50
4
99
6
50
50
-------------------
1449
SoftmaxBasic
1
541
4
99
6
50
50
-------------------
1450
SoftmaxBasic
2
541
1449
4
99
6
50
50
3
99
6
50
-------------------
1451
SoftmaxBasic
1
1450
4
99
6
50
50
-------------------
1452
SoftmaxBasic
2
1450
1451
4
99
6
50
50
3
99
6
50
-------------------
549
BatchMatMul
2
1452
525
4
99
6
50
50
4
99
6
50
64
-------------------
553
Dot
2
74
549
3
99
50
384
2
384
384
-------------------
555
Add
2
553
45
3
99
50
384
3
99
50
384
-------------------
556
Add
2
496
555
3
99
50
384
3
99
50
384
-------------------
557
Sum
1
556
3
99
50
384
-------------------
560
Divide
2
557
558
2
99
50
2
99
50
-------------------
564
Subtract
2
556
560
3
99
50
384
3
99
50
384
-------------------
566
Power
2
564
158
3
99
50
384
3
99
50
384
-------------------
567
Sum
1
566
3
99
50
384
-------------------
570
Divide
2
567
568
2
99
50
2
99
50
-------------------
574
Add
2
156
570
3
99
50
1
3
99
50
1
-------------------
575
Sqrt
1
574
3
99
50
1
-------------------
578
Divide
2
564
575
3
99
50
384
3
99
50
384
-------------------
580
Multiply
2
578
46
3
99
50
384
3
99
50
384
-------------------
582
Add
2
580
47
3
99
50
384
3
99
50
384
-------------------
583
Dot
2
582
162
3
99
50
384
2
384
1536
-------------------
585
Add
2
583
49
3
99
50
1536
3
99
50
1536
-------------------
587
Divide
2
585
155
3
99
50
1536
3
99
50
1536
-------------------
588
Erf
1
587
3
99
50
1536
-------------------
590
Add
2
588
157
3
99
50
1536
3
99
50
1536
-------------------
591
Multiply
2
585
590
3
99
50
1536
3
99
50
1536
-------------------
593
Multiply
2
591
159
3
99
50
1536
3
99
50
1536
-------------------
594
Dot
2
593
90
3
99
50
1536
2
1536
384
-------------------
596
Add
2
594
51
3
99
50
384
3
99
50
384
-------------------
597
Add
2
556
596
3
99
50
384
3
99
50
384
-------------------
598
Sum
1
597
3
99
50
384
-------------------
601
Divide
2
598
599
2
99
50
2
99
50
-------------------
605
Subtract
2
597
601
3
99
50
384
3
99
50
384
-------------------
607
Power
2
605
158
3
99
50
384
3
99
50
384
-------------------
608
Sum
1
607
3
99
50
384
-------------------
611
Divide
2
608
609
2
99
50
2
99
50
-------------------
615
Add
2
156
611
3
99
50
1
3
99
50
1
-------------------
616
Sqrt
1
615
3
99
50
1
-------------------
619
Divide
2
605
616
3
99
50
384
3
99
50
384
-------------------
621
Multiply
2
619
52
3
99
50
384
3
99
50
384
-------------------
623
Add
2
621
53
3
99
50
384
3
99
50
384
-------------------
624
Dot
2
623
96
3
99
50
384
2
384
1152
-------------------
626
Add
2
624
55
3
99
50
1152
3
99
50
1152
-------------------
639
BatchMatMul
2
626
626
4
99
6
50
64
4
99
6
64
50
-------------------
642
Multiply
2
639
153
4
99
6
50
50
4
99
6
50
50
-------------------
1453
SoftmaxBasic
1
642
4
99
6
50
50
-------------------
1454
SoftmaxBasic
2
642
1453
4
99
6
50
50
3
99
6
50
-------------------
1455
SoftmaxBasic
1
1454
4
99
6
50
50
-------------------
1456
SoftmaxBasic
2
1454
1455
4
99
6
50
50
3
99
6
50
-------------------
650
BatchMatMul
2
1456
626
4
99
6
50
50
4
99
6
50
64
-------------------
654
Dot
2
132
650
3
99
50
384
2
384
384
-------------------
656
Add
2
654
57
3
99
50
384
3
99
50
384
-------------------
657
Add
2
597
656
3
99
50
384
3
99
50
384
-------------------
658
Sum
1
657
3
99
50
384
-------------------
661
Divide
2
658
659
2
99
50
2
99
50
-------------------
665
Subtract
2
657
661
3
99
50
384
3
99
50
384
-------------------
667
Power
2
665
158
3
99
50
384
3
99
50
384
-------------------
668
Sum
1
667
3
99
50
384
-------------------
671
Divide
2
668
669
2
99
50
2
99
50
-------------------
675
Add
2
156
671
3
99
50
1
3
99
50
1
-------------------
676
Sqrt
1
675
3
99
50
1
-------------------
679
Divide
2
665
676
3
99
50
384
3
99
50
384
-------------------
681
Multiply
2
679
58
3
99
50
384
3
99
50
384
-------------------
683
Add
2
681
59
3
99
50
384
3
99
50
384
-------------------
684
Dot
2
683
134
3
99
50
384
2
384
1536
-------------------
686
Add
2
684
61
3
99
50
1536
3
99
50
1536
-------------------
688
Divide
2
686
155
3
99
50
1536
3
99
50
1536
-------------------
689
Erf
1
688
3
99
50
1536
-------------------
691
Add
2
689
157
3
99
50
1536
3
99
50
1536
-------------------
692
Multiply
2
686
691
3
99
50
1536
3
99
50
1536
-------------------
694
Multiply
2
692
159
3
99
50
1536
3
99
50
1536
-------------------
695
Dot
2
694
138
3
99
50
1536
2
1536
384
-------------------
697
Add
2
695
63
3
99
50
384
3
99
50
384
-------------------
698
Add
2
657
697
3
99
50
384
3
99
50
384
-------------------
699
Sum
1
698
3
99
50
384
-------------------
702
Divide
2
699
700
2
99
50
2
99
50
-------------------
706
Subtract
2
698
702
3
99
50
384
3
99
50
384
-------------------
708
Power
2
706
158
3
99
50
384
3
99
50
384
-------------------
709
Sum
1
708
3
99
50
384
-------------------
712
Divide
2
709
710
2
99
50
2
99
50
-------------------
716
Add
2
156
712
3
99
50
1
3
99
50
1
-------------------
717
Sqrt
1
716
3
99
50
1
-------------------
720
Divide
2
706
717
3
99
50
384
3
99
50
384
-------------------
722
Multiply
2
720
64
3
99
50
384
3
99
50
384
-------------------
724
Add
2
722
65
3
99
50
384
3
99
50
384
-------------------
725
Dot
2
724
128
3
99
50
384
2
384
1152
-------------------
727
Add
2
725
67
3
99
50
1152
3
99
50
1152
-------------------
740
BatchMatMul
2
727
727
4
99
6
50
64
4
99
6
64
50
-------------------
743
Multiply
2
740
153
4
99
6
50
50
4
99
6
50
50
-------------------
1457
SoftmaxBasic
1
743
4
99
6
50
50
-------------------
1458
SoftmaxBasic
2
743
1457
4
99
6
50
50
3
99
6
50
-------------------
1459
SoftmaxBasic
1
1458
4
99
6
50
50
-------------------
1460
SoftmaxBasic
2
1458
1459
4
99
6
50
50
3
99
6
50
-------------------
751
BatchMatMul
2
1460
727
4
99
6
50
50
4
99
6
50
64
-------------------
755
Dot
2
60
751
3
99
50
384
2
384
384
-------------------
757
Add
2
755
69
3
99
50
384
3
99
50
384
-------------------
758
Add
2
698
757
3
99
50
384
3
99
50
384
-------------------
759
Sum
1
758
3
99
50
384
-------------------
762
Divide
2
759
760
2
99
50
2
99
50
-------------------
766
Subtract
2
758
762
3
99
50
384
3
99
50
384
-------------------
768
Power
2
766
158
3
99
50
384
3
99
50
384
-------------------
769
Sum
1
768
3
99
50
384
-------------------
772
Divide
2
769
770
2
99
50
2
99
50
-------------------
776
Add
2
156
772
3
99
50
1
3
99
50
1
-------------------
777
Sqrt
1
776
3
99
50
1
-------------------
780
Divide
2
766
777
3
99
50
384
3
99
50
384
-------------------
782
Multiply
2
780
70
3
99
50
384
3
99
50
384
-------------------
784
Add
2
782
71
3
99
50
384
3
99
50
384
-------------------
785
Dot
2
784
146
3
99
50
384
2
384
1536
-------------------
787
Add
2
785
73
3
99
50
1536
3
99
50
1536
-------------------
789
Divide
2
787
155
3
99
50
1536
3
99
50
1536
-------------------
790
Erf
1
789
3
99
50
1536
-------------------
792
Add
2
790
157
3
99
50
1536
3
99
50
1536
-------------------
793
Multiply
2
787
792
3
99
50
1536
3
99
50
1536
-------------------
795
Multiply
2
793
159
3
99
50
1536
3
99
50
1536
-------------------
796
Dot
2
795
26
3
99
50
1536
2
1536
384
-------------------
798
Add
2
796
75
3
99
50
384
3
99
50
384
-------------------
799
Add
2
758
798
3
99
50
384
3
99
50
384
-------------------
800
Sum
1
799
3
99
50
384
-------------------
803
Divide
2
800
801
2
99
50
2
99
50
-------------------
807
Subtract
2
799
803
3
99
50
384
3
99
50
384
-------------------
809
Power
2
807
158
3
99
50
384
3
99
50
384
-------------------
810
Sum
1
809
3
99
50
384
-------------------
813
Divide
2
810
811
2
99
50
2
99
50
-------------------
817
Add
2
156
813
3
99
50
1
3
99
50
1
-------------------
818
Sqrt
1
817
3
99
50
1
-------------------
821
Divide
2
807
818
3
99
50
384
3
99
50
384
-------------------
823
Multiply
2
821
76
3
99
50
384
3
99
50
384
-------------------
825
Add
2
823
77
3
99
50
384
3
99
50
384
-------------------
826
Dot
2
825
104
3
99
50
384
2
384
1152
-------------------
828
Add
2
826
79
3
99
50
1152
3
99
50
1152
-------------------
841
BatchMatMul
2
828
828
4
99
6
50
64
4
99
6
64
50
-------------------
844
Multiply
2
841
153
4
99
6
50
50
4
99
6
50
50
-------------------
1461
SoftmaxBasic
1
844
4
99
6
50
50
-------------------
1462
SoftmaxBasic
2
844
1461
4
99
6
50
50
3
99
6
50
-------------------
1463
SoftmaxBasic
1
1462
4
99
6
50
50
-------------------
1464
SoftmaxBasic
2
1462
1463
4
99
6
50
50
3
99
6
50
-------------------
852
BatchMatMul
2
1464
828
4
99
6
50
50
4
99
6
50
64
-------------------
856
Dot
2
84
852
3
99
50
384
2
384
384
-------------------
858
Add
2
856
81
3
99
50
384
3
99
50
384
-------------------
859
Add
2
799
858
3
99
50
384
3
99
50
384
-------------------
860
Sum
1
859
3
99
50
384
-------------------
863
Divide
2
860
861
2
99
50
2
99
50
-------------------
867
Subtract
2
859
863
3
99
50
384
3
99
50
384
-------------------
869
Power
2
867
158
3
99
50
384
3
99
50
384
-------------------
870
Sum
1
869
3
99
50
384
-------------------
873
Divide
2
870
871
2
99
50
2
99
50
-------------------
877
Add
2
156
873
3
99
50
1
3
99
50
1
-------------------
878
Sqrt
1
877
3
99
50
1
-------------------
881
Divide
2
867
878
3
99
50
384
3
99
50
384
-------------------
883
Multiply
2
881
82
3
99
50
384
3
99
50
384
-------------------
885
Add
2
883
83
3
99
50
384
3
99
50
384
-------------------
886
Dot
2
885
38
3
99
50
384
2
384
1536
-------------------
888
Add
2
886
85
3
99
50
1536
3
99
50
1536
-------------------
890
Divide
2
888
155
3
99
50
1536
3
99
50
1536
-------------------
891
Erf
1
890
3
99
50
1536
-------------------
893
Add
2
891
157
3
99
50
1536
3
99
50
1536
-------------------
894
Multiply
2
888
893
3
99
50
1536
3
99
50
1536
-------------------
896
Multiply
2
894
159
3
99
50
1536
3
99
50
1536
-------------------
897
Dot
2
896
183
3
99
50
1536
2
1536
384
-------------------
899
Add
2
897
87
3
99
50
384
3
99
50
384
-------------------
900
Add
2
859
899
3
99
50
384
3
99
50
384
-------------------
901
Sum
1
900
3
99
50
384
-------------------
904
Divide
2
901
902
2
99
50
2
99
50
-------------------
908
Subtract
2
900
904
3
99
50
384
3
99
50
384
-------------------
910
Power
2
908
158
3
99
50
384
3
99
50
384
-------------------
911
Sum
1
910
3
99
50
384
-------------------
914
Divide
2
911
912
2
99
50
2
99
50
-------------------
918
Add
2
156
914
3
99
50
1
3
99
50
1
-------------------
919
Sqrt
1
918
3
99
50
1
-------------------
922
Divide
2
908
919
3
99
50
384
3
99
50
384
-------------------
924
Multiply
2
922
88
3
99
50
384
3
99
50
384
-------------------
926
Add
2
924
89
3
99
50
384
3
99
50
384
-------------------
927
Dot
2
926
8
3
99
50
384
2
384
1152
-------------------
929
Add
2
927
91
3
99
50
1152
3
99
50
1152
-------------------
942
BatchMatMul
2
929
929
4
99
6
50
64
4
99
6
64
50
-------------------
945
Multiply
2
942
153
4
99
6
50
50
4
99
6
50
50
-------------------
1465
SoftmaxBasic
1
945
4
99
6
50
50
-------------------
1466
SoftmaxBasic
2
945
1465
4
99
6
50
50
3
99
6
50
-------------------
1467
SoftmaxBasic
1
1466
4
99
6
50
50
-------------------
1468
SoftmaxBasic
2
1466
1467
4
99
6
50
50
3
99
6
50
-------------------
953
BatchMatMul
2
1468
929
4
99
6
50
50
4
99
6
50
64
-------------------
957
Dot
2
182
953
3
99
50
384
2
384
384
-------------------
959
Add
2
957
93
3
99
50
384
3
99
50
384
-------------------
960
Add
2
900
959
3
99
50
384
3
99
50
384
-------------------
961
Sum
1
960
3
99
50
384
-------------------
964
Divide
2
961
962
2
99
50
2
99
50
-------------------
968
Subtract
2
960
964
3
99
50
384
3
99
50
384
-------------------
970
Power
2
968
158
3
99
50
384
3
99
50
384
-------------------
971
Sum
1
970
3
99
50
384
-------------------
974
Divide
2
971
972
2
99
50
2
99
50
-------------------
978
Add
2
156
974
3
99
50
1
3
99
50
1
-------------------
979
Sqrt
1
978
3
99
50
1
-------------------
982
Divide
2
968
979
3
99
50
384
3
99
50
384
-------------------
984
Multiply
2
982
94
3
99
50
384
3
99
50
384
-------------------
986
Add
2
984
95
3
99
50
384
3
99
50
384
-------------------
987
Dot
2
986
181
3
99
50
384
2
384
1536
-------------------
989
Add
2
987
97
3
99
50
1536
3
99
50
1536
-------------------
991
Divide
2
989
155
3
99
50
1536
3
99
50
1536
-------------------
992
Erf
1
991
3
99
50
1536
-------------------
994
Add
2
992
157
3
99
50
1536
3
99
50
1536
-------------------
995
Multiply
2
989
994
3
99
50
1536
3
99
50
1536
-------------------
997
Multiply
2
995
159
3
99
50
1536
3
99
50
1536
-------------------
998
Dot
2
997
180
3
99
50
1536
2
1536
384
-------------------
1000
Add
2
998
99
3
99
50
384
3
99
50
384
-------------------
1001
Add
2
960
1000
3
99
50
384
3
99
50
384
-------------------
1002
Sum
1
1001
3
99
50
384
-------------------
1005
Divide
2
1002
1003
2
99
50
2
99
50
-------------------
1009
Subtract
2
1001
1005
3
99
50
384
3
99
50
384
-------------------
1011
Power
2
1009
158
3
99
50
384
3
99
50
384
-------------------
1012
Sum
1
1011
3
99
50
384
-------------------
1015
Divide
2
1012
1013
2
99
50
2
99
50
-------------------
1019
Add
2
156
1015
3
99
50
1
3
99
50
1
-------------------
1020
Sqrt
1
1019
3
99
50
1
-------------------
1023
Divide
2
1009
1020
3
99
50
384
3
99
50
384
-------------------
1025
Multiply
2
1023
100
3
99
50
384
3
99
50
384
-------------------
1027
Add
2
1025
101
3
99
50
384
3
99
50
384
-------------------
1028
Dot
2
1027
86
3
99
50
384
2
384
1152
-------------------
1030
Add
2
1028
103
3
99
50
1152
3
99
50
1152
-------------------
1043
BatchMatMul
2
1030
1030
4
99
6
50
64
4
99
6
64
50
-------------------
1046
Multiply
2
1043
153
4
99
6
50
50
4
99
6
50
50
-------------------
1469
SoftmaxBasic
1
1046
4
99
6
50
50
-------------------
1470
SoftmaxBasic
2
1046
1469
4
99
6
50
50
3
99
6
50
-------------------
1471
SoftmaxBasic
1
1470
4
99
6
50
50
-------------------
1472
SoftmaxBasic
2
1470
1471
4
99
6
50
50
3
99
6
50
-------------------
1054
BatchMatMul
2
1472
1030
4
99
6
50
50
4
99
6
50
64
-------------------
1058
Dot
2
179
1054
3
99
50
384
2
384
384
-------------------
1060
Add
2
1058
105
3
99
50
384
3
99
50
384
-------------------
1061
Add
2
1001
1060
3
99
50
384
3
99
50
384
-------------------
1062
Sum
1
1061
3
99
50
384
-------------------
1065
Divide
2
1062
1063
2
99
50
2
99
50
-------------------
1069
Subtract
2
1061
1065
3
99
50
384
3
99
50
384
-------------------
1071
Power
2
1069
158
3
99
50
384
3
99
50
384
-------------------
1072
Sum
1
1071
3
99
50
384
-------------------
1075
Divide
2
1072
1073
2
99
50
2
99
50
-------------------
1079
Add
2
156
1075
3
99
50
1
3
99
50
1
-------------------
1080
Sqrt
1
1079
3
99
50
1
-------------------
1083
Divide
2
1069
1080
3
99
50
384
3
99
50
384
-------------------
1085
Multiply
2
1083
106
3
99
50
384
3
99
50
384
-------------------
1087
Add
2
1085
107
3
99
50
384
3
99
50
384
-------------------
1088
Dot
2
1087
178
3
99
50
384
2
384
1536
-------------------
1090
Add
2
1088
109
3
99
50
1536
3
99
50
1536
-------------------
1092
Divide
2
1090
155
3
99
50
1536
3
99
50
1536
-------------------
1093
Erf
1
1092
3
99
50
1536
-------------------
1095
Add
2
1093
157
3
99
50
1536
3
99
50
1536
-------------------
1096
Multiply
2
1090
1095
3
99
50
1536
3
99
50
1536
-------------------
1098
Multiply
2
1096
159
3
99
50
1536
3
99
50
1536
-------------------
1099
Dot
2
1098
177
3
99
50
1536
2
1536
384
-------------------
1101
Add
2
1099
111
3
99
50
384
3
99
50
384
-------------------
1102
Add
2
1061
1101
3
99
50
384
3
99
50
384
-------------------
1103
Sum
1
1102
3
99
50
384
-------------------
1106
Divide
2
1103
1104
2
99
50
2
99
50
-------------------
1110
Subtract
2
1102
1106
3
99
50
384
3
99
50
384
-------------------
1112
Power
2
1110
158
3
99
50
384
3
99
50
384
-------------------
1113
Sum
1
1112
3
99
50
384
-------------------
1116
Divide
2
1113
1114
2
99
50
2
99
50
-------------------
1120
Add
2
156
1116
3
99
50
1
3
99
50
1
-------------------
1121
Sqrt
1
1120
3
99
50
1
-------------------
1124
Divide
2
1110
1121
3
99
50
384
3
99
50
384
-------------------
1126
Multiply
2
1124
112
3
99
50
384
3
99
50
384
-------------------
1128
Add
2
1126
113
3
99
50
384
3
99
50
384
-------------------
1129
Dot
2
1128
154
3
99
50
384
2
384
1152
-------------------
1131
Add
2
1129
115
3
99
50
1152
3
99
50
1152
-------------------
1144
BatchMatMul
2
1131
1131
4
99
6
50
64
4
99
6
64
50
-------------------
1147
Multiply
2
1144
153
4
99
6
50
50
4
99
6
50
50
-------------------
1473
SoftmaxBasic
1
1147
4
99
6
50
50
-------------------
1474
SoftmaxBasic
2
1147
1473
4
99
6
50
50
3
99
6
50
-------------------
1475
SoftmaxBasic
1
1474
4
99
6
50
50
-------------------
1476
SoftmaxBasic
2
1474
1475
4
99
6
50
50
3
99
6
50
-------------------
1155
BatchMatMul
2
1476
1131
4
99
6
50
50
4
99
6
50
64
-------------------
1159
Dot
2
176
1155
3
99
50
384
2
384
384
-------------------
1161
Add
2
1159
117
3
99
50
384
3
99
50
384
-------------------
1162
Add
2
1102
1161
3
99
50
384
3
99
50
384
-------------------
1163
Sum
1
1162
3
99
50
384
-------------------
1166
Divide
2
1163
1164
2
99
50
2
99
50
-------------------
1170
Subtract
2
1162
1166
3
99
50
384
3
99
50
384
-------------------
1172
Power
2
1170
158
3
99
50
384
3
99
50
384
-------------------
1173
Sum
1
1172
3
99
50
384
-------------------
1176
Divide
2
1173
1174
2
99
50
2
99
50
-------------------
1180
Add
2
156
1176
3
99
50
1
3
99
50
1
-------------------
1181
Sqrt
1
1180
3
99
50
1
-------------------
1184
Divide
2
1170
1181
3
99
50
384
3
99
50
384
-------------------
1186
Multiply
2
1184
118
3
99
50
384
3
99
50
384
-------------------
1188
Add
2
1186
119
3
99
50
384
3
99
50
384
-------------------
1189
Dot
2
1188
175
3
99
50
384
2
384
1536
-------------------
1191
Add
2
1189
121
3
99
50
1536
3
99
50
1536
-------------------
1193
Divide
2
1191
155
3
99
50
1536
3
99
50
1536
-------------------
1194
Erf
1
1193
3
99
50
1536
-------------------
1196
Add
2
1194
157
3
99
50
1536
3
99
50
1536
-------------------
1197
Multiply
2
1191
1196
3
99
50
1536
3
99
50
1536
-------------------
1199
Multiply
2
1197
159
3
99
50
1536
3
99
50
1536
-------------------
1200
Dot
2
1199
174
3
99
50
1536
2
1536
384
-------------------
1202
Add
2
1200
123
3
99
50
384
3
99
50
384
-------------------
1203
Add
2
1162
1202
3
99
50
384
3
99
50
384
-------------------
1204
Sum
1
1203
3
99
50
384
-------------------
1207
Divide
2
1204
1205
2
99
50
2
99
50
-------------------
1211
Subtract
2
1203
1207
3
99
50
384
3
99
50
384
-------------------
1213
Power
2
1211
158
3
99
50
384
3
99
50
384
-------------------
1214
Sum
1
1213
3
99
50
384
-------------------
1217
Divide
2
1214
1215
2
99
50
2
99
50
-------------------
1221
Add
2
156
1217
3
99
50
1
3
99
50
1
-------------------
1222
Sqrt
1
1221
3
99
50
1
-------------------
1225
Divide
2
1211
1222
3
99
50
384
3
99
50
384
-------------------
1227
Multiply
2
1225
124
3
99
50
384
3
99
50
384
-------------------
1229
Add
2
1227
125
3
99
50
384
3
99
50
384
-------------------
1230
Dot
2
1229
30
3
99
50
384
2
384
1152
-------------------
1232
Add
2
1230
127
3
99
50
1152
3
99
50
1152
-------------------
1245
BatchMatMul
2
1232
1232
4
99
6
50
64
4
99
6
64
50
-------------------
1248
Multiply
2
1245
153
4
99
6
50
50
4
99
6
50
50
-------------------
1477
SoftmaxBasic
1
1248
4
99
6
50
50
-------------------
1478
SoftmaxBasic
2
1248
1477
4
99
6
50
50
3
99
6
50
-------------------
1479
SoftmaxBasic
1
1478
4
99
6
50
50
-------------------
1480
SoftmaxBasic
2
1478
1479
4
99
6
50
50
3
99
6
50
-------------------
1256
BatchMatMul
2
1480
1232
4
99
6
50
50
4
99
6
50
64
-------------------
1260
Dot
2
173
1256
3
99
50
384
2
384
384
-------------------
1262
Add
2
1260
129
3
99
50
384
3
99
50
384
-------------------
1263
Add
2
1203
1262
3
99
50
384
3
99
50
384
-------------------
1264
Sum
1
1263
3
99
50
384
-------------------
1267
Divide
2
1264
1265
2
99
50
2
99
50
-------------------
1271
Subtract
2
1263
1267
3
99
50
384
3
99
50
384
-------------------
1273
Power
2
1271
158
3
99
50
384
3
99
50
384
-------------------
1274
Sum
1
1273
3
99
50
384
-------------------
1277
Divide
2
1274
1275
2
99
50
2
99
50
-------------------
1281
Add
2
156
1277
3
99
50
1
3
99
50
1
-------------------
1282
Sqrt
1
1281
3
99
50
1
-------------------
1285
Divide
2
1271
1282
3
99
50
384
3
99
50
384
-------------------
1287
Multiply
2
1285
130
3
99
50
384
3
99
50
384
-------------------
1289
Add
2
1287
131
3
99
50
384
3
99
50
384
-------------------
1290
Dot
2
1289
172
3
99
50
384
2
384
1536
-------------------
1292
Add
2
1290
133
3
99
50
1536
3
99
50
1536
-------------------
1294
Divide
2
1292
155
3
99
50
1536
3
99
50
1536
-------------------
1295
Erf
1
1294
3
99
50
1536
-------------------
1297
Add
2
1295
157
3
99
50
1536
3
99
50
1536
-------------------
1298
Multiply
2
1292
1297
3
99
50
1536
3
99
50
1536
-------------------
1300
Multiply
2
1298
159
3
99
50
1536
3
99
50
1536
-------------------
1301
Dot
2
1300
171
3
99
50
1536
2
1536
384
-------------------
1303
Add
2
1301
135
3
99
50
384
3
99
50
384
-------------------
1304
Add
2
1263
1303
3
99
50
384
3
99
50
384
-------------------
1305
Sum
1
1304
3
99
50
384
-------------------
1308
Divide
2
1305
1306
2
99
50
2
99
50
-------------------
1312
Subtract
2
1304
1308
3
99
50
384
3
99
50
384
-------------------
1314
Power
2
1312
158
3
99
50
384
3
99
50
384
-------------------
1315
Sum
1
1314
3
99
50
384
-------------------
1318
Divide
2
1315
1316
2
99
50
2
99
50
-------------------
1322
Add
2
156
1318
3
99
50
1
3
99
50
1
-------------------
1323
Sqrt
1
1322
3
99
50
1
-------------------
1326
Divide
2
1312
1323
3
99
50
384
3
99
50
384
-------------------
1328
Multiply
2
1326
136
3
99
50
384
3
99
50
384
-------------------
1330
Add
2
1328
137
3
99
50
384
3
99
50
384
-------------------
1331
Dot
2
1330
78
3
99
50
384
2
384
1152
-------------------
1333
Add
2
1331
139
3
99
50
1152
3
99
50
1152
-------------------
1346
BatchMatMul
2
1333
1333
4
99
6
50
64
4
99
6
64
50
-------------------
1349
Multiply
2
1346
153
4
99
6
50
50
4
99
6
50
50
-------------------
1481
SoftmaxBasic
1
1349
4
99
6
50
50
-------------------
1482
SoftmaxBasic
2
1349
1481
4
99
6
50
50
3
99
6
50
-------------------
1483
SoftmaxBasic
1
1482
4
99
6
50
50
-------------------
1484
SoftmaxBasic
2
1482
1483
4
99
6
50
50
3
99
6
50
-------------------
1357
BatchMatMul
2
1484
1333
4
99
6
50
50
4
99
6
50
64
-------------------
1361
Dot
2
170
1357
3
99
50
384
2
384
384
-------------------
1363
Add
2
1361
141
3
99
50
384
3
99
50
384
-------------------
1364
Add
2
1304
1363
3
99
50
384
3
99
50
384
-------------------
1365
Sum
1
1364
3
99
50
384
-------------------
1368
Divide
2
1365
1366
2
99
50
2
99
50
-------------------
1372
Subtract
2
1364
1368
3
99
50
384
3
99
50
384
-------------------
1374
Power
2
1372
158
3
99
50
384
3
99
50
384
-------------------
1375
Sum
1
1374
3
99
50
384
-------------------
1378
Divide
2
1375
1376
2
99
50
2
99
50
-------------------
1382
Add
2
156
1378
3
99
50
1
3
99
50
1
-------------------
1383
Sqrt
1
1382
3
99
50
1
-------------------
1386
Divide
2
1372
1383
3
99
50
384
3
99
50
384
-------------------
1388
Multiply
2
1386
142
3
99
50
384
3
99
50
384
-------------------
1390
Add
2
1388
143
3
99
50
384
3
99
50
384
-------------------
1391
Dot
2
1390
169
3
99
50
384
2
384
1536
-------------------
1393
Add
2
1391
145
3
99
50
1536
3
99
50
1536
-------------------
1395
Divide
2
1393
155
3
99
50
1536
3
99
50
1536
-------------------
1396
Erf
1
1395
3
99
50
1536
-------------------
1398
Add
2
1396
157
3
99
50
1536
3
99
50
1536
-------------------
1399
Multiply
2
1393
1398
3
99
50
1536
3
99
50
1536
-------------------
1401
Multiply
2
1399
159
3
99
50
1536
3
99
50
1536
-------------------
1402
Dot
2
1401
168
3
99
50
1536
2
1536
384
-------------------
1404
Add
2
1402
147
3
99
50
384
3
99
50
384
-------------------
1405
Add
2
1364
1404
3
99
50
384
3
99
50
384
-------------------
1406
Sum
1
1405
3
99
50
384
-------------------
1409
Divide
2
1406
1407
2
99
50
2
99
50
-------------------
1413
Subtract
2
1405
1409
3
99
50
384
3
99
50
384
-------------------
1415
Power
2
1413
158
3
99
50
384
3
99
50
384
-------------------
1416
Sum
1
1415
3
99
50
384
-------------------
1419
Divide
2
1416
1417
2
99
50
2
99
50
-------------------
1423
Add
2
156
1419
3
99
50
1
3
99
50
1
-------------------
1424
Sqrt
1
1423
3
99
50
1
-------------------
1427
Divide
2
1413
1424
3
99
50
384
3
99
50
384
-------------------
1429
Multiply
2
1427
148
3
99
50
384
3
99
50
384
-------------------
1431
Add
2
1429
149
3
99
50
384
3
99
50
384
-------------------
1432
GatherV2
2
1431
163
3
99
50
384
1
1
-------------------
1433
Dot
2
1432
150
2
99
384
2
1000
384
-------------------
1435
Add
2
1433
151
2
99
1000
2
99
1000
-------------------