0
0
0
0
0
0
0
0
0
0
0
0
0
0
0
0
0
0
0
175.726
30.3211
0
0
0
0
0
0
138.516
40.1873
0
0
0
0
0
0
0
4.23276
0
0
6.62847
0
0
0
0
0
16.8689
20.2493
0
0
0
0
0
6.2696
0
23.4599
0
0
0
0
0
0
0
25.7582
0
0
0
0
0
0
0
6.72157
0
0
0
0.895162
0
0
36.2417
16.3733
0
0
0
3.05404
0
0
39.6887
16.2375
0
0
0
3.1254
0
0
37.8066
16.5376
0
0
44.2781
12.8916
0
0
0
0
0
0
0
0
0
0
0
0
0
0
0
0
0
0
0
0
0
0
0
0
0
0
0
0
0
0
0
0
0
0
0
0
0
0
0
0
0
0
0
0
0
0
0
0
0
0
0
0
0
0
0
0
0
0
0
0
0
0
0
0
0
0
0
0
0
0
0
0
0
0
0
0
0
0
0
0
0
0
0
0
0
0
0
0
0
0
0
0
0
0
0
0
0
0
0
0
0
0
0
0
0
0
0
0
0
0
0
0
0
0
0
0
0
0
0
0
0
0
0
0
0
0
0
0
0
0
0
0
0
0
0
0
0
0
0
0
0
0
0
0
0
0
0
0
0
0
0
0
0
0
0
0
0
0
0
0
0
0
0
0
0
0
0
0
0
0
0
0
0
0
0
0
0
0
0
0
0
0
0
0
0
0
0
0
0
0
0
0
0
0
0
0
0
0
0
0
0
0
0
0
0
0
0
0
0
0
0
0
0
0
0
0
0
0
0
0
0
0
0
0
0
0
0
0
0
0
0
0
0
0
0
0
0
0
0
0
0
0
0
0
0
0
0
0
0
0
0
0
0
0
0
0
0
0
0
0
0
0
0
0
0
0
0
0
0
0
0
0
0
0
0
0
0
0
0
0
0
0
0
0
0
0
0
0
0
0
0
0
0
0
0
0
0
0
0
0
0
0
0
0
0
0
0
0
0
0
0
0
0
0
0
0
0
0
0
0
0
0
0
0
0
0
0
0
0
0
0
0
0
0
0
0
0
0
0
0
0
0
0
0
0
0
0
0
0
0
0
0
0
0
0
0
0
0
0
0
0
0
0
0
0
0
0
0
0
0
0
0
0
0
0
0
0
0
0
0
0
0
0
0
0
0
0
0
0
0
0
0
0
0
0
0
0
0
0
0
0
0
0
0
0
0
0
0
0
0
0
0
0
0
0
0
0
0
0
0
0
0
0
0
0
0
0
0
0
0
0
0
0
0
0
0
0
0
0
0
0
0
0
0
0
0
0
0
0
0
0
0
0
0
0
0
0
0
0
0
0
0
0
0
0
0
0
0
0
0
0
0
0
0
0
0
0
0
0
0
0
0
0
0
0
0
0
0
0
0
0
0
0
0
0
0
0
0
0
0
0
0
0
0
0
0
0
0
0
0
0
0
0
0
0
0
0
0
0
0
0
0
0
0
0
0
0
0
0
0
0
0
0
2.80808
0
0.330899
0
0
0.985692
0
1.16524
0
0
0
0
0
0
0
0
0
3.77079
0
0.0386886
0
0
0.985024
0
1.1493
0
0
0
0
0
0
0
0
0
3.70694
0
0.00545968
0
0
1.01879
0
1.41934
0
0
0
0
0
0
0
0
0
3.58309
0
0.263135
0
0
0.993357
0
1.3234
0
0
0
0
0
0
0
0
110.176
4.0115
0
0.226619
0
0
0.989294
0
1.19015
0
0
0
0
0
0
0
0
0
3.69093
0
0.634184
0
0
1.00765
0
1.27361
0
0
0
0
0
0
0
0
0
3.7559
0
0.357507
0
0
0.995818
0
1.45404
0
0
0
0
0
0
0
0
0
3.66536
0
0.165327
0
0
0.976099
0
1.14833
0
0
0
0
0
0
0
0
0
3.33622
0
0
0
0
0.935093
0
0.644566
0
0
0
0
0
0
0
0
0
3.45968
0
0
0
0
0.962608
0
0.950657
0
0
0
0
0
0
0
0
0
3.71151
0
0.490995
0
0
0.981932
0
1.28172
0
0
0
0
0
0
0
0
0
3.63433
0
0
0
0
0.975339
0
1.33369
0
0
0
0
0
0
0
0
0
3.51435
0
0.181702
0
0
0.983548
0
1.02822
0
0
0
0
0
0
0
0
0
3.63719
0
0.248779
0
0
0.960617
0
0.785416
0
0
0
0
0
0
0
0
110.048
3.93419
0
0
0
0
0.96232
0
1.01754
0
0
0
0
0
0
0
0
0
3.89889
0
0.25872
0
0
0.947028
0
0.711718
0
0
0
0
0
0
0
0
0
3.6203
0
0.348043
0
0
0.990987
0
1.13323
0
0
0
0
0
0
0
0
0
3.64794
0
0.11667
0
0
0.959675
0
0.734986
0
0
0
0
0
0
0
0
0
3.57546
0
0.0918768
0
0
0.960733
0
0.882979
0
0
0
0
0
0
0
0
0
3.59914
0
0.140224
0
0
0.982058
0
1.20846
0
0
0
0
0
0
0
0
0
3.58112
0
0.299278
0
0
0.960283
0
0.807329
0
0
0
0
0
0
0
0
0
3.68481
0
0.345666
0
0
0.981587
0
1.27015
0
0
0
0
0
0
0
0
0
3.57836
0
0.310166
0
0
0.97394
0
0.996297
0
0
0
0
0
0
0
0
0
3.5326
0
0.0917051
0
0
0.996596
0
1.27269
0
0
0
0
0
0
0
0
109.596
3.96848
0
0.0156484
0
0
0.960683
0
0.69142
0
0
0
0
0
0
0
0
0
3.67074
0
0.26485
0
0
0.991565
0
0.986974
0
0
0
0
0
0
0
0
0
0
60.2552
0
0
0
0
0
0
0
0
0.403862
0
37.0742
0
0
3.87988
0
0
0
0
0
79.3743
7.50174
0
0.607818
0
0
0.435509
0
12.1351
0
0
1.89309
0
4.58006
0
0
0
95.2051
7.46796
0
0.610901
0
0
0.444159
0
13.5281
0
0
1.91704
0
4.52663
0
0
0
95.5386
7.48459
0
0.608813
0
0
0.425438
0
13.0247
0
0
1.85029
0
4.51471
0
0
0
95.6142
7.45586
0
0.589247
0
0
0.389959
0
13.2444
0
0
1.95112
0
4.61199
0
0
0
95.981
7.40761
0
0.606105
0
0
0.462966
0
14.5307
0
0
1.95646
0
4.55265
0
0
0
96.4982
7.35807
0
0.599741
0
0
0.429714
0
12.8427
0
0
1.97556
0
4.52792
0
0
0
95.068
7.3752
0
0.606981
0
0
0.456705
0
14.5055
0
0
1.96134
0
4.47966
0
0
0
5.80816
0
88.2445
0
0
0
6.70049
0
0.612984
0
0
0.446191
0
72.0188
0
0
6.51246
0
0
0
0
0
123.661
12.782
0
1.72465
0
0
2.18415
0
23.076
0
0
3.42463
0
9.99039
0
0
0
111.953
12.7343
0
1.75919
0
0
2.21085
0
26.7778
0
0
3.23294
0
8.74959
0
0
0
11.2978
0
1.78266
0
0
113.724
12.8323
0
1.76852
0
0
2.21466
0
20.1398
0
0
3.43749
0
0
0
0
0
12.0653
0
9.34305
0
3.86221
0
0
