0
0
0
0
0
0
0
0
6.97285
0
0
0
0
0
0
13.9708
0
0
23.5451
0
0
0
0
0
0
461.483
12.8473
0
0
0
0
0
0
14.2457
0
0
23.196
0
0
0
0
0
0
95.5202
0
0
0
0
0
15.2093
0
0
23.6934
0
0
0
0
0
0
66.0405
0
0
24.3824
0
0
0
0
0
2.01812
0
0
0
0
0
0
1.37869
4.38986
0
0
0
0
0
0
16.2932
0
0
12.6665
0
0
0
0
0
0
142.29
0
0
0
0
0
0
0
0
9.5749
0
0
0
0
0
0
59.2216
0
0
0
0
1.42037
0
0
0
17.5106
0
0
0
0
0
0
58.8904
0
0
0
0
0
3.80824
0
0
17.1362
0
0
0
0
0
0
60.1594
0
0
0
0
0
3.62159
0
0
12.7008
0
0
0
0
0
0
59.2342
0
0
0
0
0.641237
4.97333
0
0
19.3316
0
0
0
0
0
0
0
0
0
0
0
0.534643
5.0896
0
0
19.8672
0
0
0
0
0
0
63.3607
0
0
13.7999
0
0
0
0
0
0
0
0
0
0
0
0
0
0
0
0
0
0
0
0
0
0
0
0
0
0
0
0
0
0
0
0
0
0
0
0
0
0
0
0
0
0
0
0
0
0
0
0
0
0
0
0
0
0
0
0
0
0
0
0
0
0
0
0
0
0
0
0
0
0
0
0
0
0
0
0
0
0
0
0
0
0
0
0
0
0
0
0
0
0
0
0
0
0
0
0
0
0
0
0
0
0
0
0
0
0
0
0
0
0
0
0
0
0
0
0
0
0
0
0
0
0
0
0
0
0
0
0
0
0
0
0
0
0
0
0
0
0
0
0
0
0
0
0
0
0
0
0
0
0
0
0
0
0
0
0
0
0
0
0
0
0
0
0
0
0
0
0
0
0
0
0
0
0
0
0
0
0
0
0
0
0
0
0
0
0
0
0
0
0
0
0
0
0
0
0
0
0
0
0
0
0
0
0
0
0
0
0
0
0
0
0
0
0
0
0
0
0
0
0
0
0
0
0
0
0
0
0
0
0
0
0
0
0
0
0
0
0
0
0
0
0
0
0
0
0
0
0
0
0
0
0
0
0
0
0
0
0
0
0
0
0
0
0
0
0
0
0
0
0
0
0
0
0
0
0
0
0
0
0
0
0
0
0
0
0
0
0
0
0
0
0
0
0
0
0
0
0
0
0
0
0
0
0
0
0
0
0
0
0
0
0
0
0
0
0
0
0
0
0
0
0
0
0
0
0
0
0
0
0
0
0
0
0
0
0
0
0
0
0
0
0
0
0
0
0
0
0
0
0
0
0
0
0
0
0
0
0
0
0
0
0
0
0
0
0
0
0
0
0
0
0
0
0
0
0
0
0
0
0
0
0
0
0
0
0
0
0
0
0
0
0
0
0
0
0
0
0
0
0
0
0
0
0
0
0
0
0
0
0
0
0
0
0
0
0
0
0
0
0
0
0
0
0
0
0
0
0
0
0
0
0
0
0
0
0
0
0
0
0
0
0
0
0
0
0
0
0
0
0
0
0
0
0
0
0
0
0
0
0
0
0
0
0
0
0
0
0
0
0
0
0
0
0
0
0
0
0
0
0
0
0
0
0
0
0
0
0
0
0
0
0
0
0
0
0
0
0
0
0
0
0
0
0
0
0
0
0
0
0
0
0
0
0
0
0
0
0
0
0
0
0
0
0
0
0
0
0
0
0
0
0
0
0
0
0
0
0
0
0
0
0
0
0
0
0
0
0
0
0
0
0
0
0
0
0
0
0
0
0
0
0
0
0
0
0
0
0
0
0
0
0
0
0
0
0
0
0
0
0
0
0
0
0
0
0
0
0
0
0
0
0
0
0
0
0
0
0
0
0
0
0
0
0
0
0
0
0
0
0
0
0
0
0
0
0
0
0
0
0
0
0
0
0
0
0
0
0
0
388358
0
0
0
0
0
0
0
0
0
0
0
0
0
0
0
0
0
0
0
0
0
0
0
0
0
0
0
0
0
0
0
0
0
0
0
0
0
0
0
0
0
0
0
0
0
0
0
0
0
0
0
0
0
0
0
0
0
0
0
0
0
0
0
0
0
0
0
0
0
0
0
0
0
0
0
0
0
0
0
0
0
0
0
0
0
0
0
0
0
0
0
0
0
0
0
0
0
0
0
0
0
0
0
0
0
0
0
0
0
0
0
0
0
0
0
0
0
0
0
0
0
0
0
0
0
0
0
0
0
0
0
0
0
0
0
0
0
0
0
0
0
0
0
0
0
1.51636
0
1.84112
0
0
0
0
0
50.2772
0
0
0
0
0
0
0
0
0
0
0
0
0
1.13895
1.94082
0
23.1589
0
0
0
2.71483
0
1.19015
0
0
0
0
0
43.387
0
0
0
0
0
0
0
0
0
0
0
0
0
1.10746
1.94922
0
18.1521
0
0
0
3.16171
0
1.59053
0
0
0
0
0
54.6529
0
0
0
0
0
0
0
0
0
0
0
0
0
1.15556
1.9215
0
18.0613
0
0
0
3.24928
0
1.65711
0
0
0
0
0
43.3388
0
0
0
0
0
0
0
0
0
0
0
0
0
1.31138
2.07896
0
18.157
0
0
0
3.23547
0
1.90987
0
0
0
0
0
50.3533
0
0
0
0
0
0
0
0
0
0
0
0
0
1.16004
1.94443
0
18.1659
0
0
0
3.16713
0
1.59101
0
0
0
0
0
47.9947
0
0
0
0
0
0
0
0
0
0
0
0
0
1.18892
1.94574
0
18.1046
0
0
0
3.08929
0
1.5345
0
0
0
0
0
43.4191
0
0
0
0
0
0
0
0
0
0
0
0
0
1.17351
1.9912
0
17.9923
0
0
0
3.13391
0
1.57373
0
0
0
0
0
43.6466
0
0
0
0
0
0
0
0
0
0
0
0
0
1.17587
1.94238
0
18.1462
0
0
0
3.12909
0
1.56728
0
0
0
0
0
43.379
0
0
0
0
0
0
0
0
0
0
0
0
0
1.17229
2.01284
0
18.1759
0
0
0
3.21162
0
1.6272
0
0
0
0
0
52.7164
0
0
0
0
0
0
0
0
0
0
0
0
0
1.18769
1.93231
0
18.1002
0
0
0
3.14306
0
1.57523
0
0
0
0
0
43.3631
0
0
0
0
0
0
0
0
0
0
0
0
0
1.16928
2.00386
0
18.3334
0
0
0
3.15298
0
1.58141
0
0
0
0
0
53.0255
0
0
0
0
0
0
0
0
0
0
0
0
0
1.19664
1.98384
0
18.324
0
0
0
3.23693
0
1.63979
0
0
0
0
0
43.315
0
0
0
0
0
0
0
0
0
0
0
0
0
1.17019
2.00301
0
18.081
0
0
0
3.19757
0
1.64546
0
0
0
0
0
52.1516
0
0
0
0
0
0
0
0
0
0
0
0
0
1.15089
1.93843
0
18.1502
0
0
0
3.19083
0
1.60992
0
0
0
0
0
50.2562
0
0
0
0
0
0
0
0
0
0
0
0
0
1.19541
1.935
0
18.0126
0
0
0
3.17263
0
1.60528
0
0
0
0
0
52.2568
0
0
0
0
0
0
0
0
0
0
0
0
0
1.16198
1.95159
0
18.1973
0
0
0
3.14828
0
1.57818
0
0
0
0
0
43.1306
0
0
0
0
0
0
0
0
0
0
0
0
0
1.1593
1.92901
0
24.6748
0
0
0
3.18433
0
1.57848
0
0
0
0
0
50.0727
0
0
0
0
0
0
0
0
0
0
0
0
0
1.13386
1.96297
0
18.1885
0
0
0
3.1876
0
1.60756
0
0
0
0
0
43.5811
0
0
0
0
0
0
0
0
0
0
0
0
0
1.22029
2.00949
0
18.204
0
0
0
3.19585
0
1.61463
0
0
0
0
0
43.5652
0
0
0
0
0
0
0
0
0
0
0
0
0
1.20287
2.12644
0
18.3695
0
0
0
3.1756
0
1.59832
0
0
0
0
0
43.3146
0
0
0
0
0
0
0
0
0
0
0
0
0
1.27793
2.03583
0
18.0945
0
0
0
3.18135
0
1.60221
0
0
0
0
0
48.3325
0
0
0
0
0
0
0
0
0
0
0
0
0
1.19693
1.97102
0
18.2033
0
0
0
3.22803
0
1.63362
0
0
0
0
0
43.2587
0
0
0
0
0
0
0
0
0
0
0
0
0
1.13411
1.95466
0
18.2251
0
0
0
3.20074
0
1.88557
0
0
0
0
0
43.476
0
0
0
0
0
0
0
0
0
0
0
0
0
1.14301
1.98976
0
18.2755
0
0
0
3.12699
0
1.58067
0
0
0
0
0
52.9914
0
0
0
0
0
0
0
0
0
0
0
0
0
1.16314
1.99168
0
18.2618
0
0
0
3.08758
0
1.53467
0
0
0
0
0
50.5496
0
0
0
0
0
0
0
0
0
0
0
0
0
1.18346
1.9503
0
18.1569
0
0
0
3.28059
0
1.67131
0
0
0
0
0
52.3388
0
0
0
0
0
0
0
0
0
0
0
0
0
1.17458
1.98926
0
18.2969
0
0
0
3.12223
0
1.57478
0
0
0
0
0
43.3627
0
0
0
0
0
0
0
0
0
0
0
0
0
1.18093
1.9552
0
18.1322
0
0
0
3.21603
0
1.89615
0
0
0
0
0
48.3925
0
0
0
0
0
0
0
0
0
0
0
0
0
1.20987
1.95216
0
18.0365
0
0
0
3.07952
0
1.53822
0
0
0
0
0
43.4838
0
0
0
0
0
0
0
0
0
0
0
0
0
1.21024
2.12262
0
18.4375
0
0
0
3.19981
0
1.6156
0
0
0
0
0
43.4354
0
0
0
0
0
0
0
0
0
0
0
0
0
1.20665
2.01334
0
18.1493
0
0
0
3.23875
0
1.64357
0
0
0
0
0
43.3951
0
0
0
0
0
0
0
0
0
0
0
0
0
1.14816
1.95066
0
18.2006
0
0
0
3.12543
0
1.56174
0
0
0
0
0
50.1912
0
0
0
0
0
0
0
0
0
0
0
0
0
1.15899
1.79437
0
20.4873
0
0
0
3.24694
0
1.63395
0
0
0
0
0
43.4435
0
0
0
0
3.19381
0
14.3699
0
0
0
0
0
0
0
0
0
0
0
0
3.36635
0
25.7921
0
0
0
3.4404
0
14.5776
0
0
0
6.44643
0
0
0
0
0
0
0
0
0
0
0
0
0
0
0
2.15008
6.63903
0
4.12292
0
0
0
6.56405
0
7.2587
0
0
0
3.4934
0
4.32282
0
0
0
0
0
0
0
0
0
0
0
0
0
2.16705
3.45838
0
4.0879
0
0
0
6.388
0
7.26406
0
0
0
0
0
4.33781
0
0
0
0
0
0
0
0
0
0
0
0
0
2.16756
3.47612
0
4.20359
0
0
0
6.44421
0
7.26225
0
0
0
0
0
4.3478
0
0
0
0
0
0
0
0
0
0
0
0
0
2.1587
3.49739
0
4.16381
0
0
0
6.41079
0
7.26474
0
0
0
0
0
4.23965
0
0
0
0
0
0
0
0
0
0
0
0
0
1.98821
3.21973
0
4.08855
0
0
0
6.4556
0
7.26835
0
0
0
0
0
4.19278
0
0
0
0
0
0
0
0
0
0
0
0
0
2.15037
3.47817
0
4.10561
0
0
0
6.38748
0
7.2618
0
0
0
0
0
4.26994
0
0
0
0
0
0
0
0
0
0
0
0
0
2.18081
3.47877
0
4.10806
0
0
0
6.34662
0
7.26428
0
0
0
0
0
4.25758
0
0
0
0
5.79865
0
26.2307
0
0
0
1.61094
0.147829
0
0
0
2.86561
0
0
2.12722
6.52747
0
4.10352
0
0
0
6.40148
0
27.0342
0
0
0
11.638
0
0
0
0
0
0
0
0.839502
0.000172438
0
0
0
0.00280482
0
0
1.93538
11.3638
0
8.31658
0
0
0
11.2619
0
13.4657
0
0
0
6.34515
0
8.43815
0
0
0
0
0
0
0
0
0
0
0
0
0
1.9308
11.9348
0
8.38034
0
0
0
11.7358
0
13.0915
0
0
0
6.26931
0
8.39992
0
0
0
0
11.4422
0
4.25449
0
0
0
0.919825
0.000176691
0
0
0
0.00285643
0
0
1.98057
10.7777
0
8.31274
0
0
0
11.4135
0
13.1062
0
0
0
6.32506
0
0
0
0
0
23.9755
0
17.0565
0
19.9411
0
0
0
9.97643
0
25.0355
0
0
0
9.8488
0
1.5177
0
0
